361 493
0 17
0 166
0 204
0 274
1 15
1 158
1 333
2 48
2 163
2 303
2 342
3 53
4 226
5 6
5 9
5 248
5 271
5 356
6 70
6 104
6 253
6 325
7 12
7 69
7 94
7 139
7 228
7 347
8 12
8 210
8 234
9 94
9 338
9 345
10 21
10 25
10 116
10 349
11 34
11 247
11 334
12 35
12 196
12 292
12 315
12 332
13 107
13 124
13 175
14 19
14 26
14 148
14 217
15 49
15 179
15 224
15 351
16 39
16 146
16 305
17 113
17 299
18 22
18 315
19 88
19 136
19 291
20 21
20 48
20 82
20 94
20 275
20 285
21 144
21 187
21 311
22 35
22 102
22 111
23 245
24 41
24 177
24 315
25 65
25 69
25 333
26 46
26 327
27 163
27 167
28 92
28 108
28 115
28 177
28 360
29 146
29 148
29 208
29 236
30 162
31 302
31 324
32 45
33 213
33 352
34 56
34 91
34 101
34 156
34 184
35 92
35 249
36 40
36 150
36 213
36 225
37 288
38 61
38 306
39 101
39 136
39 341
40 105
40 116
40 169
41 52
41 86
41 182
41 301
42 93
42 337
42 353
43 79
43 160
43 213
44 288
45 149
45 274
46 113
46 128
46 202
46 261
48 52
48 192
48 243
48 280
48 313
48 316
49 86
49 147
50 109
50 236
51 79
51 274
51 304
51 320
52 91
52 261
52 343
53 78
54 198
54 259
54 296
55 56
55 104
55 143
55 226
55 295
55 350
56 90
56 113
56 220
56 230
57 80
58 68
58 202
58 266
59 200
61 71
62 81
62 273
63 96
63 100
63 251
64 114
64 123
64 212
64 289
65 106
66 308
66 324
67 75
68 92
68 127
68 164
68 191
68 235
69 295
70 120
70 124
70 269
70 356
71 237
71 328
71 331
72 281
73 131
73 250
73 301
75 249
75 269
75 289
76 145
76 207
76 347
77 116
77 128
77 176
79 92
79 164
79 183
79 226
80 153
81 88
81 156
81 255
81 257
82 86
83 102
83 198
85 189
85 211
86 105
86 130
89 166
89 215
90 195
90 249
91 106
91 118
91 163
91 180
92 214
93 155
94 226
94 322
94 333
94 358
95 150
95 191
96 117
96 157
97 301
98 151
99 128
99 154
99 327
100 251
100 330
100 350
100 356
101 330
102 216
102 222
102 342
103 125
103 155
104 191
104 192
104 305
104 339
105 108
105 132
105 255
106 109
106 133
106 235
107 270
107 323
108 295
108 331
109 117
109 168
109 227
110 213
111 193
111 288
111 325
112 297
112 327
113 120
114 126
115 211
115 292
116 294
116 302
116 316
117 178
118 184
118 199
119 229
120 170
120 192
124 241
125 178
125 264
126 204
126 244
128 179
128 301
128 303
130 190
131 154
131 358
132 254
134 222
134 252
134 292
135 155
135 180
136 223
139 218
140 229
142 153
142 177
142 323
143 162
143 214
143 333
144 208
144 214
144 257
145 158
145 198
145 215
147 237
148 160
149 253
149 292
151 309
152 329
153 250
153 345
154 263
154 269
154 332
156 273
158 184
158 360
159 270
159 326
161 306
161 333
162 325
164 240
166 328
168 173
169 289
170 246
170 253
170 272
170 338
172 177
173 286
173 338
174 264
175 186
175 297
176 270
176 352
177 291
179 202
180 222
180 233
181 356
183 256
184 298
184 320
184 330
185 307
185 339
187 330
188 358
189 350
191 282
194 287
194 342
195 296
195 302
196 235
196 295
198 235
201 205
201 325
201 349
202 344
204 291
204 301
204 349
205 226
206 330
207 263
208 337
209 290
209 296
210 218
210 247
213 287
214 266
215 220
215 282
215 333
216 247
216 297
216 321
217 259
218 254
218 261
218 359
220 340
223 328
224 355
225 305
225 338
226 305
227 349
229 275
229 341
232 235
232 351
233 252
234 237
234 253
234 305
234 356
235 328
236 277
236 334
241 300
243 312
243 346
246 254
247 259
248 308
248 349
249 327
249 340
250 304
251 311
252 311
257 294
257 323
258 325
259 295
260 335
262 268
262 283
262 311
263 299
264 357
265 347
267 341
269 340
270 326
272 328
273 280
274 298
277 354
279 357
281 309
283 312
284 300
284 314
284 326
285 298
286 307
290 346
295 328
296 354
299 328
301 340
302 333
302 343
303 328
307 318
309 332
321 332
321 349
323 336
325 335
328 356
331 336
357 358
